image_width: 1440
image_height: 1080
camera_name: narrow_stereo
camera_matrix:
  rows: 3
  cols: 3
  data: [1790.382770, 0.000000, 740.266802, 0.000000, 1790.064385, 585.809241, 0.000000, 0.000000, 1.000000]
distortion_model: plumb_bob
distortion_coefficients:
  rows: 1
  cols: 5
  data: [-0.057409, 0.057597, 0.001567, -0.003952, 0.000000]
rectification_matrix:
  rows: 3
  cols: 3
  data: [1.000000, 0.000000, 0.000000, 0.000000, 1.000000, 0.000000, 0.000000, 0.000000, 1.000000]
projection_matrix:
  rows: 3
  cols: 4
  data: [1775.553223, 0.000000, 736.468289, 0.000000, 0.000000, 1779.805176, 586.458358, 0.000000, 0.000000, 0.000000, 1.000000, 0.000000]
  