image_width: 1440
image_height: 1080
camera_name: narrow_stereo
camera_matrix:
  rows: 3
  cols: 3
  data: [2410.006600, 0.000000, 709.173279, 0.000000, 2408.566011, 550.025046, 0.000000, 0.000000, 1.000000]
distortion_model: plumb_bob
distortion_coefficients:
  rows: 1
  cols: 5
  data: [-0.019318, 0.114043, -0.002275, -0.002818, 0.000000]
rectification_matrix:
  rows: 3
  cols: 3
  data: [1.000000, 0.000000, 0.000000, 0.000000, 1.000000, 0.000000, 0.000000, 0.000000, 1.000000]
projection_matrix:
  rows: 3
  cols: 4
  data: [2411.196073, 0.000000, 707.037781, 0.000000, 0.000000, 2411.433177, 548.721726, 0.000000, 0.000000, 0.000000, 1.000000, 0.000000]

